Group   d15NPl	d13CPl	d15NCe	d13CCe
1   10.22   -11.36  9.45    -14.03
1   10.37   -11.88  8.70    -12.77
1   10.44   -10.60  9.04    -11.73
1   10.52   -11.25  8.54    -11.77
1   10.19   -11.66  8.92    -12.37
1   10.45   -10.41  8.67    -11.47
1   9.91    -10.88  8.83    -11.21
1   11.27   -14.73  10.28   -15.56
1   9.34    -11.52  8.85    -12.03
2   11.68   -15.89  10.14   -14.63
2   12.29   -14.79  10.34   -13.56
2   11.04   -17.64  9.54    -16.80
2   11.46   -16.97  10.36   -15.41
2   11.73   -17.25  10.01   -16.55
2   12.29   -14.77  10.69   -13.87
2   11.79   -15.67  10.15   -13.93
2   11.49   -15.34  10.64   -14.15
2   11.73   -15.53  10.39   -14.51
2   11.10   -17.27  9.67    -15.70
2   11.36   -15.63  10.13   -14.16
2   12.19   -15.94  10.60   -15.14
2   11.03   -14.88  9.86    -13.41
2   11.21   -15.90  10.47   -14.11
2   10.58   -17.11  11.07   -17.85
2   11.61   -14.93  10.79   -14.76
2   12.16   -16.26  10.61   -15.34
2   10.70   -17.50  9.86    -15.64
2   11.47   -16.37  10.13   -13.92
2   12.07   -15.21  10.50   -14.22
2   11.75   -15.43  11.05   -14.72
2   11.86   -16.54  9.95    -14.96
2   12.33   -15.00  10.69   -13.42
2   12.36   -16.41  10.72   -15.09
2   11.13   -15.09  9.35    -12.42
2   10.92   -18.06  9.25    -12.50
2   12.42   -16.27  10.95   -15.13
2   10.95   -15.08  9.55    -12.31
2   12.28   -14.39  10.53   -12.80
3   11.04   -21.45  9.48    -20.67
3   10.76   -22.52  9.43    -21.07
3   10.99   -21.25  9.52    -20.22
3   10.78   -21.84  9.30    -19.74
3   11.07   -22.51  9.42    -21.09
3   10.20   -21.97  8.98    -21.76
3   11.67   -20.23  9.65    -20.91
3   7.53    -21.64  8.29    -21.88
3   10.65   -22.49  9.07    -23.18
3   10.58   -21.91  8.99    -22.49
3   11.13   -21.65  9.77    -20.53
3   7.73    -21.37  9.54    -20.92
3   10.79   -22.90  8.46    -23.84
3   10.47   -21.13  9.20    -21.17
3   10.82   -19.33  8.99    -21.31
3   10.41   -20.29  8.62    -20.84
3   11.10   -20.56  9.55    -20.75
3   10.95   -20.87  8.96    -21.88
3   10.76   -21.07  9.64    -20.15
3   10.83   -21.69  8.86    -21.88
3   10.25   -21.17  9.47    -19.62
3   10.52   -21.74  8.04    -22.25
3   9.94    -22.69  8.40    -21.89
3   9.94    -21.06  9.25    -19.39
3   11.61   -20.42  10.37   -19.88
3   10.65   -21.50  8.53    -22.56
3   10.76   -20.15  9.33    -21.36
3   11.11   -21.99  9.15    -22.87
3   10.20   -22.30  9.02    -22.98
3   11.27   -21.71  9.59    -21.40
3   10.21   -22.48  9.06    -21.26
3   10.88   -21.86  9.86    -21.33
3   11.21   -21.68  9.48    -20.69
3   11.36   -20.97  9.73    -20.83
3   10.75   -21.91  8.89    -21.78
3   12.38   -19.05  10.76   -18.63
3   11.16   -22.78  9.42    -22.94
3   11.57   -22.36  8.72    -23.12
3   10.79   -22.46  8.46    -22.96
3   11.13   -21.52  9.39    -21.32
3   10.72   -21.84  9.42    -20.82
3   10.99   -21.30  8.87    -21.89
3   10.38   -21.39  8.45    -21.79
3   10.95   -22.10  8.76    -22.12
3   10.75   -21.59  9.23    -20.99
3   10.75   -20.14  9.60    -20.56
3   11.05   -20.67  9.38    -20.43
3   10.66   -20.31  9.12    -20.38
3   10.61   -20.07  9.13    -20.24
3   10.90   -21.20  9.87    -21.10
3   11.14   -20.44  9.55    -20.84
3   10.33   -22.06  10.16   -21.77
3   10.83   -22.05  9.17    -21.64
3   10.75   -21.44  9.63    -19.70
3   9.18    -21.93  8.79    -21.86
3   9.03    -22.47  8.51    -22.56
3   9.05    -22.27  8.63    -22.36
3   8.60    -22.19  8.43    -22.12
3   8.29    -22.81  8.49    -22.75
3   10.32   -20.48  8.07    -21.99
3   10.28   -22.47  8.54    -22.91
3   6.47    -18.06  11.13   -22.07
3   11.36   -20.72  9.73    -21.01
3   10.75   -20.97  8.70    -21.72
3   11.13   -19.11  9.57    -19.20
3   11.37   -18.40  9.62    -19.30
3   10.86   -20.45  9.49    -20.56
3   10.54   -21.20  8.31    -22.12
3   10.39   -19.74  9.65    -20.10
3   10.66   -20.48  9.39    -19.74
3   9.99    -21.48  8.45    -22.89
3   11.65   -17.81  9.47    -16.43
3   11.02   -19.77  8.36    -21.99
3   10.67   -22.56  8.95    -22.64
4   8.15    -14.72  6.87    -15.71
4   11.12   -12.21  9.87    -13.21
4   10.95   -12.35  9.70    -13.27
4   11.20   -13.88  9.94    -14.86
4   10.76   -14.43  9.46    -15.29
4   11.32   -14.65  10.08   -15.56
4   10.85   -13.90  9.55    -14.91
4   11.74   -14.12  10.44   -15.06
4   10.46   -10.88  9.14    -11.83
4   10.93   -10.44  9.63    -11.37
5   12.30   -15.33  10.73   -12.91
5   10.67   -13.78  9.65    -11.63
5   11.51   -13.98  8.07    -11.70
5   10.56   -15.22  10.54   -12.35
5   12.51   -15.25  11.00   -13.04
5   13.51   -15.76  10.59   -13.82
5   11.98   -15.78  10.05   -12.21
5   12.20   -15.49  9.44    -11.42
5   10.48   -13.02  10.47   -12.58
5   12.40   -15.30  11.05   -13.08
5   13.00   -15.55  11.21   -12.90
5   11.36   -14.35  10.44   -12.66
5   12.08   -14.99  10.41   -11.73
5   12.39   -14.83  10.77   -12.72
5   12.28   -16.18  10.02   -12.21
5   12.60   -15.01  9.61    -11.51
5   11.30   -12.87  9.52    -11.88
5   11.10   -14.67  9.89    -11.39
5   11.42   -13.84  10.01   -12.41
5   11.49   -14.89  10.04   -11.60
5   12.00   -13.33  10.57   -12.91
5   13.35   -15.04  10.17   -12.34
5   11.97   -14.29  10.80   -12.69
5   13.35   -15.62  11.25   -13.29
5   12.75   -13.99  10.70   -12.55
5   12.55   -15.06  10.81   -12.16
5   12.30   -15.06  10.35   -12.80
5   12.51   -15.00  10.33   -12.31
5   12.61   -14.55  9.22    -11.25
5   10.98   -13.32  9.99    -11.24
5   11.82   -14.34  10.21   -12.20
5   12.27   -14.47  10.36   -12.07
5   12.11   -14.31  9.83    -12.15
5   12.11   -14.18  9.87    -11.55
5   12.89   -16.18  10.64   -12.87
5   12.99   -16.25  10.09   -12.91
5   12.29   -15.92  10.27   -12.41
5   11.89   -15.35  10.26   -13.72
5   12.74   -14.29  10.56   -12.21
5   12.29   -15.92  10.27   -12.41
5   11.89   -15.35  10.26   -13.72
6   10.56   -20.22  10.93   -20.48
6   9.27    -21.40  9.52    -19.91
6   10.54   -19.97  10.66   -20.00
6   10.97   -20.78  10.59   -19.81
6   10.46   -20.61  10.66   -20.38
6   10.56   -20.58  10.80   -20.07
6   10.86   -20.19  11.12   -20.11
6   10.90   -20.71  10.31   -20.63
6   11.06   -20.59  10.07   -20.42
6   10.76   -20.09  10.44   -19.74
6   10.64   -19.37  10.29   -19.33
6   10.94   -20.41  10.93   -20.29
6   10.85   -20.84  10.35   -20.80
6   10.45   -20.75  9.79    -20.65
6   11.15   -20.29  10.97   -19.88
6   11.23   -20.89  10.45   -20.15
6   11.16   -19.69  10.65   -19.46
6   10.94   -20.41  10.21   -20.25
6   11.20   -21.24  10.52   -20.72
6   10.71   -19.33  10.28   -18.98
7   9.55    -25.87  8.94    -25.87
7   8.60    -25.40  8.58    -24.49
7   9.67    -27.23  9.42    -27.14
7   8.17    -27.52  7.98    -27.69
7   9.81    -24.55  9.85    -24.14
7   10.94   -17.36  11.11   -17.18
7   9.49    -24.70  9.37    -24.28
7   9.46    -27.76  9.11    -27.74
7   7.94    -28.92  7.97    -29.07
7   9.77    -25.98  9.66    -25.81
7   8.07    -26.77  8.57    -26.62
7   8.39    -28.76  9.08    -28.78
7   8.95    -27.70  8.86    -27.71
7   9.83    -24.75  9.49    -24.49
7   8.51    -25.47  8.53    -25.40
7   8.86    -26.58  9.25    -26.23
7   7.93    -28.94  8.31    -29.04
7   8.00    -29.13  8.29    -29.21
7   8.33    -26.65  8.21    -26.58
7   8.00    -28.04  7.96    -28.09
7   9.39    -27.50  9.76    -27.48
7   8.01    -29.28  8.27    -29.28
7   7.59    -27.85  7.55    -27.86
7   8.26    -27.41  8.39    -27.47
7   9.49    -27.57  9.24    -27.42
7   8.23    -29.06  7.86    -29.03
7   9.10    -25.98  9.10    -25.74
7   8.21    -28.21  8.24    -28.31
7   9.59    -25.27  8.91    -25.20
7   9.37    -14.43  8.65    -14.44
7   9.47    -27.40  9.35    -27.37
7   8.60    -27.76  8.66    -27.80
8   8.23    -28.45  8.08    -28.70
8   8.39    -27.35  7.92    -27.49
8   8.24    -28.83  8.11    -28.65
8   8.34    -29.39  7.25    -29.03
8   8.36    -28.86  7.75    -28.79
8   7.22    -28.61  6.74    -28.63
8   7.13    -29.27  6.66    -29.35
8   10.64   -20.32  10.98   -18.97
8   8.06    -28.21  7.20    -29.25
8   8.22    -26.30  8.15    -26.20
8   8.92    -28.27  8.93    -28.35
8   9.35    -27.75  9.68    -27.71
8   7.32    -28.55  7.56    -28.99
8   7.66    -27.38  8.02    -27.34
8   8.09    -29.13  7.79    -28.93
8   7.30    -28.66  7.40    -28.75
8   7.33    -29.02  7.71    -29.20
8   7.33    -26.04  7.94    -28.85
8   7.36    -26.06  7.70    -25.98
8   7.49    -28.52  7.76    -29.17
8   8.07    -28.51  7.92    -28.48
8   8.84    -27.93  9.40    -27.46
8   7.93    -29.07  7.69    -29.04
8   7.94    -28.41  7.36    -28.43
8   8.74    -26.42  8.63    -26.20
8   8.26    -27.71  7.92    -27.74
8   9.63    -27.75  8.81    -27.72
8   8.85    -24.28  8.42    -24.19
8   7.55    -28.43  7.60    -28.49
8   10.05   -25.94  9.43    -26.03
8   8.23    -28.00  8.22    -27.92
8   7.74    -28.59  7.64    -28.54
8   9.12    -22.61  8.47    -22.61
8   7.33    -27.34  7.07    -27.24
8   7.54    -27.35  7.78    -27.27
8   8.80    -29.14  9.22    -29.23
